product_code,customer_code,market_code,order_date,sales_qty,sales_amount,currency
Prod090,Cus003,Mark014,2017-10-05,45,2204,"INR"
Prod090,Cus003,Mark014,2017-10-12,41,1722,"INR"
Prod090,Cus003,Mark014,2017-10-19,3,111,"INR"
Prod090,Cus003,Mark014,2017-11-03,5,259,"INR"
Prod090,Cus003,Mark014,2017-11-09,11,519,"INR"
Prod090,Cus003,Mark014,2017-11-16,4,194,"INR"
Prod090,Cus003,Mark014,2017-11-23,9,454,"INR"
Prod090,Cus003,Mark014,2017-11-30,9,454,"INR"
Prod090,Cus003,Mark014,2017-12-07,5,259,"INR"
Prod090,Cus003,Mark014,2017-12-14,4,194,"INR"
Prod090,Cus003,Mark014,2017-12-21,8,389,"INR"
Prod090,Cus003,Mark014,2017-12-22,1867,99329,"INR"
Prod090,Cus003,Mark014,2018-01-08,333,16306,"INR"
Prod090,Cus003,Mark014,2018-01-11,3,130,"INR"
Prod090,Cus003,Mark014,2018-01-19,15,1106,"INR"
Prod090,Cus003,Mark014,2018-01-25,19,1412,"INR"
Prod090,Cus003,Mark014,2018-01-29,47,3884,"INR"
Prod090,Cus003,Mark014,2018-02-01,12,903,"INR"
Prod090,Cus003,Mark014,2018-02-05,67,5551,"INR"
Prod090,Cus003,Mark014,2018-02-08,5,403,"INR"
Prod090,Cus003,Mark014,2018-02-15,19,1403,"INR"
Prod090,Cus003,Mark014,2018-02-28,333,16306,"INR"
Prod090,Cus003,Mark014,2018-03-01,21,1037,"INR"
Prod090,Cus003,Mark014,2018-03-08,15,713,"INR"
Prod090,Cus003,Mark014,2018-03-15,8,389,"INR"
Prod090,Cus003,Mark014,2018-03-20,200,10870,"INR"
Prod090,Cus003,Mark014,2018-03-22,5,259,"INR"
Prod090,Cus003,Mark014,2018-03-29,5,259,"INR"
Prod090,Cus003,Mark014,2018-03-30,1133,59870,"INR"
Prod090,Cus003,Mark014,2018-04-05,680,33259,"INR"
Prod090,Cus003,Mark014,2018-04-12,7,324,"INR"
Prod090,Cus003,Mark014,2018-04-19,8,389,"INR"
Prod090,Cus003,Mark014,2018-04-26,9,454,"INR"
Prod090,Cus003,Mark014,2018-05-07,3,130,"INR"
Prod090,Cus003,Mark014,2018-05-10,1,65,"INR"
Prod090,Cus003,Mark014,2018-05-17,8,389,"INR"
Prod090,Cus003,Mark014,2018-05-21,1,60,"INR"
Prod090,Cus003,Mark014,2018-05-24,9,454,"INR"
Prod090,Cus003,Mark014,2018-05-30,267,21977,"INR"
Prod090,Cus003,Mark014,2018-05-31,33,2167,"INR"
Prod090,Cus003,Mark014,2018-06-01,21,1037,"INR"
Prod090,Cus003,Mark014,2018-06-07,9,454,"INR"
Prod090,Cus003,Mark014,2018-06-11,1,60,"INR"
Prod090,Cus003,Mark014,2018-06-14,8,389,"INR"
Prod090,Cus003,Mark014,2018-06-20,667,31898,"INR"
Prod090,Cus003,Mark014,2018-06-21,16,778,"INR"
Prod090,Cus003,Mark014,2018-06-22,1,42,"INR"
Prod090,Cus003,Mark014,2018-06-28,45,2741,"INR"
Prod090,Cus003,Mark014,2018-06-29,167,10792,"INR"
Prod090,Cus003,Mark014,2018-07-05,8,500,"INR"
Prod090,Cus003,Mark014,2018-07-06,33,2157,"INR"
Prod090,Cus003,Mark014,2018-07-12,31,2731,"INR"
Prod090,Cus003,Mark014,2018-07-19,19,1296,"INR"
Prod090,Cus003,Mark014,2018-07-24,33,2157,"INR"
Prod090,Cus003,Mark014,2018-07-26,12,833,"INR"
Prod090,Cus003,Mark014,2018-07-31,47,3023,"INR"
Prod090,Cus003,Mark014,2018-08-01,533,25519,"INR"
Prod090,Cus003,Mark014,2018-08-02,15,1019,"INR"
Prod090,Cus003,Mark014,2018-08-09,12,833,"INR"
Prod090,Cus003,Mark014,2018-08-10,33,2157,"INR"
Prod090,Cus003,Mark014,2018-08-17,1,93,"INR"
Prod090,Cus003,Mark014,2018-08-23,19,1296,"INR"
Prod090,Cus003,Mark014,2018-08-30,85,4481,"INR"
Prod090,Cus003,Mark014,2018-08-31,740,51778,"INR"
Prod090,Cus003,Mark014,2018-09-06,40,2454,"INR"
Prod090,Cus003,Mark014,2018-09-11,767,36685,"INR"
Prod090,Cus003,Mark014,2018-09-12,114,8606,"INR"
Prod090,Cus003,Mark014,2018-09-13,12,741,"INR"
Prod090,Cus003,Mark014,2018-09-18,1200,57421,"INR"
Prod090,Cus003,Mark014,2018-09-20,15,898,"INR"
Prod090,Cus003,Mark014,2018-09-27,681,32796,"INR"
Prod090,Cus003,Mark014,2018-09-28,175,20329,"INR"
Prod090,Cus003,Mark014,2018-10-04,11,741,"INR"
Prod090,Cus003,Mark014,2018-10-10,667,31898,"INR"
Prod090,Cus003,Mark014,2018-10-11,5,370,"INR"
Prod090,Cus003,Mark014,2018-10-12,3000,143551,"INR"
Prod090,Cus003,Mark014,2018-10-18,8,556,"INR"
Prod090,Cus003,Mark014,2018-10-19,667,31898,"INR"
Prod090,Cus003,Mark014,2018-10-22,33,2157,"INR"
Prod090,Cus003,Mark014,2018-10-24,13,866,"INR"
Prod090,Cus003,Mark014,2018-10-25,13,926,"INR"
Prod090,Cus003,Mark014,2018-10-30,33,2157,"INR"
Prod090,Cus003,Mark014,2018-11-02,11,741,"INR"
Prod090,Cus003,Mark014,2018-11-05,7,463,"INR"
Prod090,Cus003,Mark014,2018-11-07,2333,111653,"INR"
Prod090,Cus003,Mark014,2018-11-08,9,648,"INR"
Prod090,Cus003,Mark014,2018-11-09,133,8634,"INR"
Prod090,Cus003,Mark014,2018-11-19,133,8634,"INR"
Prod090,Cus003,Mark014,2018-11-20,2000,95699,"INR"
Prod090,Cus003,Mark014,2018-11-21,33,2157,"INR"
Prod090,Cus003,Mark014,2018-11-22,9,648,"INR"
Prod090,Cus003,Mark014,2018-11-29,17,1199,"INR"
Prod090,Cus003,Mark014,2018-12-06,4,278,"INR"
Prod090,Cus003,Mark014,2018-12-13,7,463,"INR"
Prod090,Cus003,Mark014,2018-12-19,2,130,"INR"
Prod090,Cus003,Mark014,2018-12-20,335,18208,"INR"
Prod090,Cus003,Mark014,2018-12-27,1667,90583,"INR"
Prod090,Cus003,Mark014,2018-12-28,3,185,"INR"
Prod090,Cus003,Mark014,2019-01-03,4,278,"INR"
Prod090,Cus003,Mark014,2019-01-08,33,2157,"INR"
Prod090,Cus003,Mark014,2019-01-10,9,648,"INR"
Prod090,Cus003,Mark014,2019-01-21,100,6472,"INR"
Prod090,Cus003,Mark014,2019-01-24,17,1204,"INR"
Prod090,Cus003,Mark014,2019-01-29,33,2157,"INR"
Prod090,Cus003,Mark014,2019-01-30,33,2250,"INR"
Prod090,Cus003,Mark014,2019-01-31,57,3963,"INR"
Prod090,Cus003,Mark014,2019-02-07,12,833,"INR"
Prod090,Cus003,Mark014,2019-02-11,33,2250,"INR"
Prod090,Cus003,Mark014,2019-02-12,533,37625,"INR"
Prod090,Cus003,Mark014,2019-02-14,3,185,"INR"
Prod090,Cus003,Mark014,2019-02-22,20,1347,"INR"
Prod090,Cus003,Mark014,2019-02-28,76,5144,"INR"
Prod090,Cus003,Mark014,2019-03-01,67,4495,"INR"
Prod090,Cus003,Mark014,2019-03-07,13,926,"INR"
Prod090,Cus003,Mark014,2019-03-21,9,648,"INR"
Prod090,Cus003,Mark014,2019-03-28,112,7583,"INR"
Prod090,Cus003,Mark014,2019-04-04,4,278,"INR"
Prod090,Cus003,Mark014,2019-04-11,16,1111,"INR"
Prod090,Cus003,Mark014,2019-04-12,11,741,"INR"
Prod090,Cus003,Mark014,2019-04-18,7,463,"INR"
Prod090,Cus003,Mark014,2019-04-24,200,13495,"INR"
Prod090,Cus003,Mark014,2019-04-29,33,2250,"INR"
Prod090,Cus003,Mark014,2019-05-06,15,1019,"INR"
Prod090,Cus003,Mark014,2019-05-23,8,556,"INR"
Prod090,Cus003,Mark014,2019-05-30,15,1019,"INR"
Prod090,Cus003,Mark014,2019-06-06,9,648,"INR"
Prod090,Cus003,Mark014,2019-06-07,33,2250,"INR"
Prod090,Cus003,Mark014,2019-06-13,32,2222,"INR"
Prod090,Cus003,Mark014,2019-06-18,33,2250,"INR"
Prod090,Cus003,Mark014,2019-06-19,67,4500,"INR"
Prod090,Cus003,Mark014,2019-06-21,12,833,"INR"
Prod090,Cus003,Mark014,2019-06-25,233,12046,"INR"
Prod090,Cus003,Mark014,2019-06-27,93,6319,"INR"
Prod090,Cus003,Mark014,2019-06-28,33,2250,"INR"
Prod090,Cus003,Mark014,2019-07-04,3,185,"INR"
Prod090,Cus003,Mark014,2019-07-16,200,10329,"INR"
Prod090,Cus003,Mark014,2019-07-18,1,93,"INR"
Prod090,Cus003,Mark014,2019-07-25,23,1574,"INR"
Prod090,Cus003,Mark014,2019-07-29,33,2157,"INR"
Prod090,Cus003,Mark014,2019-07-31,33,2157,"INR"
Prod090,Cus003,Mark014,2019-08-01,4,278,"INR"
Prod090,Cus003,Mark014,2019-08-02,28,1944,"INR"
Prod090,Cus003,Mark014,2019-08-08,12,833,"INR"
Prod090,Cus003,Mark014,2019-08-09,667,34421,"INR"
Prod090,Cus003,Mark014,2019-08-16,1,93,"INR"
Prod090,Cus003,Mark014,2019-08-19,4000,206532,"INR"
Prod090,Cus003,Mark014,2019-08-22,7,463,"INR"
Prod090,Cus003,Mark014,2019-08-23,33,2157,"INR"
Prod090,Cus003,Mark014,2019-08-26,3,185,"INR"
Prod090,Cus003,Mark014,2019-08-27,7,431,"INR"
Prod090,Cus003,Mark014,2019-08-29,24,1667,"INR"
Prod090,Cus003,Mark014,2019-09-05,1340,69306,"INR"
Prod090,Cus003,Mark014,2019-09-09,667,34421,"INR"
Prod090,Cus003,Mark014,2019-09-10,33,2157,"INR"
Prod090,Cus003,Mark014,2019-09-12,11,741,"INR"
Prod090,Cus003,Mark014,2019-09-17,33,2157,"INR"
Prod090,Cus003,Mark014,2019-09-19,13,926,"INR"
Prod090,Cus003,Mark014,2019-09-24,67,4319,"INR"
Prod090,Cus003,Mark014,2019-09-26,36,2375,"INR"
Prod090,Cus003,Mark014,2019-09-27,667,34421,"INR"
Prod090,Cus003,Mark014,2019-09-30,33,2157,"INR"
Prod090,Cus003,Mark014,2019-10-01,200,14102,"INR"
Prod090,Cus003,Mark014,2019-10-03,11,741,"INR"
Prod090,Cus003,Mark014,2019-10-10,11,741,"INR"
Prod090,Cus003,Mark014,2019-10-17,5,370,"INR"
Prod090,Cus003,Mark014,2019-10-18,4000,206532,"INR"
Prod090,Cus003,Mark014,2019-10-24,7,463,"INR"
Prod090,Cus003,Mark014,2019-10-28,1000,51634,"INR"
Prod090,Cus003,Mark014,2019-10-31,28,1944,"INR"
Prod090,Cus003,Mark014,2019-11-07,19,1296,"INR"
Prod090,Cus003,Mark014,2019-11-15,92,6477,"INR"
Prod090,Cus003,Mark014,2019-11-21,27,1852,"INR"
Prod090,Cus003,Mark014,2019-11-25,2000,103264,"INR"
Prod090,Cus003,Mark014,2019-11-28,37,2593,"INR"
Prod090,Cus003,Mark014,2019-12-03,33,2157,"INR"
Prod090,Cus003,Mark014,2019-12-05,40,2620,"INR"
Prod090,Cus003,Mark014,2019-12-12,20,1389,"INR"
Prod090,Cus003,Mark014,2019-12-19,680,35347,"INR"
Prod090,Cus003,Mark014,2019-12-27,367,25306,"INR"
Prod090,Cus003,Mark014,2019-12-31,16,1111,"INR"
Prod090,Cus003,Mark014,2020-01-03,4,278,"INR"
Prod090,Cus003,Mark014,2020-01-10,43,2773,"INR"
Prod090,Cus003,Mark014,2020-01-15,33,2157,"INR"
Prod090,Cus003,Mark014,2020-01-16,7,505,"INR"
Prod090,Cus003,Mark014,2020-01-23,35,2116,"INR"
Prod090,Cus003,Mark014,2020-01-28,33,2157,"INR"
Prod090,Cus003,Mark014,2020-01-29,51,3218,"INR"
Prod090,Cus003,Mark014,2020-01-31,33,2157,"INR"
Prod090,Cus003,Mark014,2020-02-12,15,894,"INR"
Prod090,Cus003,Mark014,2020-02-19,2,139,"INR"
Prod090,Cus003,Mark014,2020-02-26,7,458,"INR"
Prod090,Cus003,Mark014,2020-02-28,167,10097,"INR"
Prod090,Cus003,Mark014,2020-03-04,7,458,"INR"
Prod090,Cus003,Mark014,2020-03-09,7,403,"INR"
Prod090,Cus003,Mark014,2020-03-10,127,7676,"INR"
Prod090,Cus003,Mark014,2020-03-11,7,505,"INR"
Prod090,Cus003,Mark014,2020-03-13,4000,191403,"INR"
Prod090,Cus003,Mark014,2020-03-23,1333,63648,"INR"
Prod090,Cus003,Mark014,2020-03-25,21,1426,"INR"
Prod090,Cus003,Mark014,2020-04-01,4,278,"INR"
Prod090,Cus003,Mark014,2020-04-08,30,2069,"INR"
Prod090,Cus003,Mark014,2020-04-22,30,2069,"INR"
Prod090,Cus003,Mark014,2020-04-29,89,6167,"INR"
Prod090,Cus003,Mark014,2020-04-30,27,2468,"INR"
Prod090,Cus003,Mark014,2020-05-06,55,3819,"INR"
Prod090,Cus003,Mark014,2020-05-13,53,3681,"INR"
Prod090,Cus003,Mark014,2020-05-14,40,2444,"INR"
Prod090,Cus003,Mark014,2020-05-20,133,7245,"INR"
Prod090,Cus003,Mark014,2020-05-25,2,176,"INR"
Prod090,Cus003,Mark014,2020-05-27,74,5106,"INR"
Prod090,Cus003,Mark014,2020-06-03,2,139,"INR"
Prod090,Cus003,Mark014,2020-06-10,35,2394,"INR"
Prod092,Cus003,Mark014,2017-10-11,150,5523,"INR"
Prod092,Cus003,Mark014,2017-11-30,100,3681,"INR"
Prod092,Cus003,Mark014,2018-01-18,100,3681,"INR"
Prod092,Cus003,Mark014,2018-02-14,100,3681,"INR"
Prod092,Cus003,Mark014,2018-02-27,100,3681,"INR"
Prod092,Cus003,Mark014,2018-04-18,100,3681,"INR"
Prod092,Cus003,Mark014,2018-05-16,100,3681,"INR"
Prod092,Cus003,Mark014,2018-06-20,100,3681,"INR"
Prod092,Cus003,Mark014,2018-07-13,100,3681,"INR"
Prod092,Cus003,Mark014,2018-08-28,100,3681,"INR"
Prod092,Cus003,Mark014,2018-09-20,50,1843,"INR"
Prod092,Cus003,Mark014,2018-10-29,50,1843,"INR"
Prod092,Cus003,Mark014,2018-12-07,50,1843,"INR"
Prod092,Cus003,Mark014,2019-01-18,100,3681,"INR"
Prod092,Cus003,Mark014,2019-03-15,100,3681,"INR"
Prod092,Cus003,Mark014,2019-04-24,100,3681,"INR"
Prod092,Cus003,Mark014,2019-05-24,100,3681,"INR"
Prod092,Cus003,Mark014,2019-07-10,100,3681,"INR"
Prod092,Cus003,Mark014,2019-08-06,100,3681,"INR"
Prod092,Cus003,Mark014,2019-09-16,100,3681,"INR"
Prod092,Cus003,Mark014,2019-10-21,100,3681,"INR"
Prod092,Cus003,Mark014,2020-02-03,100,3681,"INR"
Prod092,Cus003,Mark014,2020-03-18,100,3681,"INR"
Prod092,Cus003,Mark014,2020-05-07,100,3681,"INR"
Prod092,Cus003,Mark014,2020-06-08,100,3681,"INR"
Prod093,Cus003,Mark014,2017-10-05,15,1755,"INR"
Prod093,Cus003,Mark014,2017-10-06,400,43560,"INR"
Prod093,Cus003,Mark014,2017-10-11,4,481,"INR"
Prod093,Cus003,Mark014,2017-10-13,131,14653,"INR"
Prod093,Cus003,Mark014,2017-10-16,13,1528,"INR"
Prod093,Cus003,Mark014,2017-10-18,3,306,"INR"
Prod093,Cus003,Mark014,2017-10-19,126,13597,"INR"
Prod093,Cus003,Mark014,2017-10-20,25,2245,"INR"
Prod093,Cus003,Mark014,2017-10-24,5,704,"INR"
Prod093,Cus003,Mark014,2017-10-26,84,9301,"INR"
Prod093,Cus003,Mark014,2017-10-27,24,2102,"INR"
Prod093,Cus003,Mark014,2017-10-30,53,5681,"INR"
Prod093,Cus003,Mark014,2017-11-02,61,7269,"INR"
Prod093,Cus003,Mark014,2017-11-03,17,1366,"INR"
Prod093,Cus003,Mark014,2017-11-06,3,310,"INR"
Prod093,Cus003,Mark014,2017-11-07,3,384,"INR"
Prod093,Cus003,Mark014,2017-11-09,17,2005,"INR"
Prod093,Cus003,Mark014,2017-11-10,121,13894,"INR"
Prod093,Cus003,Mark014,2017-11-13,71,8560,"INR"
Prod093,Cus003,Mark014,2017-11-14,1,79,"INR"
Prod093,Cus003,Mark014,2017-11-15,1,79,"INR"
Prod093,Cus003,Mark014,2017-11-16,10,1171,"INR"
Prod093,Cus003,Mark014,2017-11-17,395,46181,"INR"
Prod093,Cus003,Mark014,2017-11-21,3,310,"INR"
Prod093,Cus003,Mark014,2017-11-22,8,926,"INR"
Prod093,Cus003,Mark014,2017-11-23,2,231,"INR"
Prod093,Cus003,Mark014,2017-11-24,37,2944,"INR"
Prod093,Cus003,Mark014,2017-11-27,74,8171,"INR"
Prod093,Cus003,Mark014,2017-11-28,53,6426,"INR"
Prod093,Cus003,Mark014,2017-11-29,3,389,"INR"
Prod093,Cus003,Mark014,2017-12-01,19,1394,"INR"
Prod093,Cus003,Mark014,2017-12-04,15,1681,"INR"
Prod093,Cus003,Mark014,2017-12-05,3,315,"INR"
Prod093,Cus003,Mark014,2017-12-06,53,5681,"INR"
Prod093,Cus003,Mark014,2017-12-07,25,2907,"INR"
Prod093,Cus003,Mark014,2017-12-08,213,24361,"INR"
Prod093,Cus003,Mark014,2017-12-11,6,704,"INR"
Prod093,Cus003,Mark014,2017-12-12,1,162,"INR"
Prod093,Cus003,Mark014,2017-12-13,10,1162,"INR"
Prod093,Cus003,Mark014,2017-12-14,7,773,"INR"
Prod093,Cus003,Mark014,2017-12-15,38,3745,"INR"
Prod093,Cus003,Mark014,2017-12-19,1,153,"INR"
Prod093,Cus003,Mark014,2017-12-20,4,463,"INR"
Prod093,Cus003,Mark014,2017-12-21,4,468,"INR"
Prod093,Cus003,Mark014,2017-12-22,75,7444,"INR"
Prod093,Cus003,Mark014,2017-12-29,15,1755,"INR"
Prod093,Cus003,Mark014,2018-01-02,20,1440,"INR"
Prod093,Cus003,Mark014,2018-01-03,69,8264,"INR"
Prod093,Cus003,Mark014,2018-01-05,68,6477,"INR"
Prod093,Cus003,Mark014,2018-01-08,15,1185,"INR"
Prod093,Cus003,Mark014,2018-01-12,408,40444,"INR"
Prod093,Cus003,Mark014,2018-01-15,1,79,"INR"
Prod093,Cus003,Mark014,2018-01-16,25,2894,"INR"
Prod093,Cus003,Mark014,2018-01-17,1,162,"INR"
Prod093,Cus003,Mark014,2018-01-18,1,153,"INR"
Prod093,Cus003,Mark014,2018-01-19,115,10861,"INR"
Prod093,Cus003,Mark014,2018-01-23,1,79,"INR"
Prod093,Cus003,Mark014,2018-01-25,3,306,"INR"
Prod093,Cus003,Mark014,2018-01-26,81,8801,"INR"
Prod093,Cus003,Mark014,2018-01-29,1,153,"INR"
Prod093,Cus003,Mark014,2018-01-30,1,79,"INR"
Prod093,Cus003,Mark014,2018-01-31,13,944,"INR"
Prod093,Cus003,Mark014,2018-02-01,55,6583,"INR"
Prod093,Cus003,Mark014,2018-02-02,16,1213,"INR"
Prod093,Cus003,Mark014,2018-02-05,7,801,"INR"
Prod093,Cus003,Mark014,2018-02-06,107,12755,"INR"
Prod093,Cus003,Mark014,2018-02-08,19,2301,"INR"
Prod093,Cus003,Mark014,2018-02-09,177,19778,"INR"
Prod093,Cus003,Mark014,2018-02-12,1,79,"INR"
Prod093,Cus003,Mark014,2018-02-13,8,954,"INR"
Prod093,Cus003,Mark014,2018-02-14,17,2088,"INR"
Prod093,Cus003,Mark014,2018-02-15,13,1588,"INR"
Prod093,Cus003,Mark014,2018-02-16,21,1546,"INR"
Prod093,Cus003,Mark014,2018-02-19,20,2407,"INR"
Prod093,Cus003,Mark014,2018-02-20,1,162,"INR"
Prod093,Cus003,Mark014,2018-02-22,27,3185,"INR"
Prod093,Cus003,Mark014,2018-02-23,122,13889,"INR"
Prod093,Cus003,Mark014,2018-02-26,3,319,"INR"
Prod093,Cus003,Mark014,2018-02-27,35,3931,"INR"
Prod093,Cus003,Mark014,2018-02-28,27,1699,"INR"
Prod093,Cus003,Mark014,2018-03-01,67,7727,"INR"
Prod093,Cus003,Mark014,2018-03-02,65,6634,"INR"
Prod093,Cus003,Mark014,2018-03-05,53,6426,"INR"
Prod093,Cus003,Mark014,2018-03-06,3,255,"INR"
Prod093,Cus003,Mark014,2018-03-07,3,310,"INR"
Prod093,Cus003,Mark014,2018-03-08,11,1218,"INR"
Prod093,Cus003,Mark014,2018-03-09,35,2935,"INR"
Prod093,Cus003,Mark014,2018-03-13,1,162,"INR"
Prod093,Cus003,Mark014,2018-03-14,8,931,"INR"
Prod093,Cus003,Mark014,2018-03-15,15,1847,"INR"
Prod093,Cus003,Mark014,2018-03-16,154,15750,"INR"
Prod093,Cus003,Mark014,2018-03-20,27,1699,"INR"
Prod093,Cus003,Mark014,2018-03-21,1,79,"INR"
Prod093,Cus003,Mark014,2018-03-22,43,4787,"INR"
Prod093,Cus003,Mark014,2018-03-23,215,22699,"INR"
Prod093,Cus003,Mark014,2018-03-26,27,3213,"INR"
Prod093,Cus003,Mark014,2018-03-28,3,389,"INR"
Prod093,Cus003,Mark014,2018-03-29,597,70926,"INR"
Prod093,Cus003,Mark014,2018-03-30,11,1023,"INR"
Prod093,Cus003,Mark014,2018-04-04,21,2472,"INR"
Prod093,Cus003,Mark014,2018-04-05,3,403,"INR"
Prod093,Cus003,Mark014,2018-04-06,27,2343,"INR"
Prod093,Cus003,Mark014,2018-04-09,12,1375,"INR"
Prod093,Cus003,Mark014,2018-04-10,9,1111,"INR"
Prod093,Cus003,Mark014,2018-04-11,3,319,"INR"
Prod093,Cus003,Mark014,2018-04-12,23,1583,"INR"
Prod093,Cus003,Mark014,2018-04-13,65,6625,"INR"
Prod093,Cus003,Mark014,2018-04-16,11,1236,"INR"
Prod093,Cus003,Mark014,2018-04-18,1,157,"INR"
Prod093,Cus003,Mark014,2018-04-19,9,1088,"INR"
Prod093,Cus003,Mark014,2018-04-20,47,4102,"INR"
Prod093,Cus003,Mark014,2018-04-23,1,79,"INR"
Prod093,Cus003,Mark014,2018-04-25,1,79,"INR"
Prod093,Cus003,Mark014,2018-04-26,33,4005,"INR"
Prod093,Cus003,Mark014,2018-04-27,34,2898,"INR"
Prod093,Cus003,Mark014,2018-04-30,8,731,"INR"
Prod093,Cus003,Mark014,2018-05-02,17,2088,"INR"
Prod093,Cus003,Mark014,2018-05-07,33,2292,"INR"
Prod093,Cus003,Mark014,2018-05-09,1,162,"INR"
Prod093,Cus003,Mark014,2018-05-11,73,7236,"INR"
Prod093,Cus003,Mark014,2018-05-14,54,6505,"INR"
Prod093,Cus003,Mark014,2018-05-15,1,79,"INR"
Prod093,Cus003,Mark014,2018-05-16,1,157,"INR"
Prod093,Cus003,Mark014,2018-05-17,21,2375,"INR"
Prod093,Cus003,Mark014,2018-05-18,119,13806,"INR"
Prod093,Cus003,Mark014,2018-05-21,63,7468,"INR"
Prod093,Cus003,Mark014,2018-05-23,55,5912,"INR"
Prod093,Cus003,Mark014,2018-05-24,15,1759,"INR"
Prod093,Cus003,Mark014,2018-05-25,81,8806,"INR"
Prod093,Cus003,Mark014,2018-05-28,1,79,"INR"
Prod093,Cus003,Mark014,2018-05-29,1,79,"INR"
Prod093,Cus003,Mark014,2018-05-30,21,2542,"INR"
Prod093,Cus003,Mark014,2018-05-31,1,162,"INR"
Prod093,Cus003,Mark014,2018-06-01,130,12593,"INR"
Prod093,Cus003,Mark014,2018-06-05,3,384,"INR"
Prod093,Cus003,Mark014,2018-06-06,2,241,"INR"
Prod093,Cus003,Mark014,2018-06-07,6,704,"INR"
Prod093,Cus003,Mark014,2018-06-08,20,1500,"INR"
Prod093,Cus003,Mark014,2018-06-11,19,2329,"INR"
Prod093,Cus003,Mark014,2018-06-18,1,162,"INR"
Prod093,Cus003,Mark014,2018-06-19,4,231,"INR"
Prod093,Cus003,Mark014,2018-06-20,1,79,"INR"
Prod093,Cus003,Mark014,2018-06-21,25,2088,"INR"
Prod093,Cus003,Mark014,2018-06-22,14,815,"INR"
Prod093,Cus003,Mark014,2018-06-25,13,1306,"INR"
Prod093,Cus003,Mark014,2018-06-26,1,157,"INR"
Prod093,Cus003,Mark014,2018-06-27,25,2097,"INR"
Prod093,Cus003,Mark014,2018-07-04,9,995,"INR"
Prod093,Cus003,Mark014,2018-07-06,1,79,"INR"
Prod093,Cus003,Mark014,2018-07-17,1,79,"INR"
Prod093,Cus003,Mark014,2018-07-25,1,79,"INR"
Prod094,Cus003,Mark014,2017-10-04,2,241,"INR"
Prod094,Cus003,Mark014,2017-10-05,2,241,"INR"
Prod094,Cus003,Mark014,2017-10-11,1,79,"INR"
Prod094,Cus003,Mark014,2017-10-13,1,79,"INR"
Prod094,Cus003,Mark014,2017-10-16,1,162,"INR"
Prod094,Cus003,Mark014,2017-10-19,1,79,"INR"
Prod094,Cus003,Mark014,2017-10-25,2,231,"INR"
Prod094,Cus003,Mark014,2017-10-27,1,162,"INR"
Prod094,Cus003,Mark014,2017-10-30,1,79,"INR"
Prod094,Cus003,Mark014,2017-11-02,2,241,"INR"
Prod094,Cus003,Mark014,2017-11-09,11,1204,"INR"
Prod094,Cus003,Mark014,2017-11-14,1,162,"INR"
Prod094,Cus003,Mark014,2017-11-21,5,542,"INR"
Prod094,Cus003,Mark014,2017-11-22,1,79,"INR"
Prod094,Cus003,Mark014,2017-11-27,1,79,"INR"
Prod094,Cus003,Mark014,2017-11-28,1,111,"INR"
Prod094,Cus003,Mark014,2017-12-01,18,2157,"INR"
Prod094,Cus003,Mark014,2017-12-04,1,79,"INR"
Prod094,Cus003,Mark014,2017-12-05,7,801,"INR"
Prod094,Cus003,Mark014,2017-12-06,1,79,"INR"
Prod094,Cus003,Mark014,2017-12-07,1,79,"INR"
Prod094,Cus003,Mark014,2017-12-08,1,79,"INR"
Prod094,Cus003,Mark014,2017-12-13,1,162,"INR"
Prod094,Cus003,Mark014,2017-12-14,1,79,"INR"
Prod094,Cus003,Mark014,2017-12-15,1,162,"INR"
Prod094,Cus003,Mark014,2017-12-18,3,403,"INR"
Prod094,Cus003,Mark014,2018-01-05,3,319,"INR"
Prod094,Cus003,Mark014,2018-01-08,1,162,"INR"
Prod094,Cus003,Mark014,2018-01-09,1,79,"INR"
Prod094,Cus003,Mark014,2018-01-16,3,403,"INR"
Prod094,Cus003,Mark014,2018-01-26,7,1005,"INR"
Prod094,Cus003,Mark014,2018-01-30,5,565,"INR"
Prod094,Cus003,Mark014,2018-02-02,17,2088,"INR"
Prod094,Cus003,Mark014,2018-02-05,1,79,"INR"
Prod094,Cus003,Mark014,2018-03-15,1,79,"INR"
Prod094,Cus003,Mark014,2018-03-21,1,79,"INR"
Prod094,Cus003,Mark014,2018-03-28,1,79,"INR"
Prod094,Cus003,Mark014,2018-08-13,1,79,"INR"
Prod094,Cus003,Mark014,2018-09-12,1,79,"INR"
Prod094,Cus003,Mark014,2018-09-13,1,162,"INR"
Prod105,Cus003,Mark014,2017-10-04,1,46,"INR"
Prod105,Cus003,Mark014,2017-10-05,1,46,"INR"
Prod105,Cus003,Mark014,2017-10-06,90,23958,"INR"
Prod105,Cus003,Mark014,2017-10-11,1,97,"INR"
Prod105,Cus003,Mark014,2017-10-13,67,17315,"INR"
Prod105,Cus003,Mark014,2017-10-16,1,97,"INR"
Prod105,Cus003,Mark014,2017-10-18,1,46,"INR"
Prod105,Cus003,Mark014,2017-10-19,7,1190,"INR"
Prod105,Cus003,Mark014,2017-10-20,18,4079,"INR"
Prod105,Cus003,Mark014,2017-10-25,14,2375,"INR"
Prod105,Cus003,Mark014,2017-10-26,1,46,"INR"
Prod105,Cus003,Mark014,2017-10-27,10,1773,"INR"
Prod105,Cus003,Mark014,2017-10-30,12,3051,"INR"
Prod105,Cus003,Mark014,2017-11-02,23,3995,"INR"
Prod105,Cus003,Mark014,2017-11-03,8,1389,"INR"
Prod105,Cus003,Mark014,2017-11-09,1,292,"INR"
Prod105,Cus003,Mark014,2017-11-10,90,24986,"INR"
Prod105,Cus003,Mark014,2017-11-13,1,194,"INR"
Prod105,Cus003,Mark014,2017-11-14,67,11560,"INR"
Prod105,Cus003,Mark014,2017-11-17,17,2875,"INR"
Prod105,Cus003,Mark014,2017-11-21,1,97,"INR"
Prod105,Cus003,Mark014,2017-11-23,12,3005,"INR"
Prod105,Cus003,Mark014,2017-11-24,87,22259,"INR"
Prod105,Cus003,Mark014,2017-11-28,1,97,"INR"
Prod105,Cus003,Mark014,2017-11-29,34,5806,"INR"
Prod105,Cus003,Mark014,2017-12-01,15,2537,"INR"
Prod105,Cus003,Mark014,2017-12-04,1,46,"INR"
Prod105,Cus003,Mark014,2017-12-05,1,97,"INR"
Prod105,Cus003,Mark014,2017-12-07,1,93,"INR"
Prod105,Cus003,Mark014,2017-12-08,120,31366,"INR"
Prod105,Cus003,Mark014,2017-12-11,1,46,"INR"
Prod105,Cus003,Mark014,2017-12-13,1,144,"INR"
Prod105,Cus003,Mark014,2017-12-15,16,2801,"INR"
Prod105,Cus003,Mark014,2017-12-16,82,23630,"INR"
Prod105,Cus003,Mark014,2017-12-18,1,194,"INR"
Prod105,Cus003,Mark014,2017-12-21,1,46,"INR"
Prod105,Cus003,Mark014,2017-12-22,52,13579,"INR"
Prod105,Cus003,Mark014,2018-01-02,12,2148,"INR"
Prod105,Cus003,Mark014,2018-01-05,7,1245,"INR"
Prod105,Cus003,Mark014,2018-01-08,1,194,"INR"
Prod105,Cus003,Mark014,2018-01-12,13,2236,"INR"
Prod105,Cus003,Mark014,2018-01-15,1,97,"INR"
Prod105,Cus003,Mark014,2018-01-16,3,972,"INR"
Prod105,Cus003,Mark014,2018-01-17,63,14333,"INR"
Prod105,Cus003,Mark014,2018-01-19,9,1519,"INR"
Prod105,Cus003,Mark014,2018-01-23,1,46,"INR"
Prod105,Cus003,Mark014,2018-01-26,15,3204,"INR"
Prod105,Cus003,Mark014,2018-01-30,2,583,"INR"
Prod105,Cus003,Mark014,2018-01-31,43,7421,"INR"
Prod105,Cus003,Mark014,2018-02-01,1,93,"INR"
Prod105,Cus003,Mark014,2018-02-02,7,1157,"INR"
Prod105,Cus003,Mark014,2018-02-05,7,1944,"INR"
Prod105,Cus003,Mark014,2018-02-07,1,97,"INR"
Prod105,Cus003,Mark014,2018-02-09,9,1579,"INR"
Prod105,Cus003,Mark014,2018-02-14,1,97,"INR"
Prod105,Cus003,Mark014,2018-02-16,13,2949,"INR"
Prod105,Cus003,Mark014,2018-02-20,17,3000,"INR"
Prod105,Cus003,Mark014,2018-02-22,1,194,"INR"
Prod105,Cus003,Mark014,2018-02-23,44,11819,"INR"
Prod105,Cus003,Mark014,2018-02-26,1,46,"INR"
Prod105,Cus003,Mark014,2018-02-27,3,972,"INR"
Prod105,Cus003,Mark014,2018-02-28,33,5708,"INR"
Prod105,Cus003,Mark014,2018-03-02,7,1134,"INR"
Prod105,Cus003,Mark014,2018-03-06,1,176,"INR"
Prod105,Cus003,Mark014,2018-03-07,1,46,"INR"
Prod105,Cus003,Mark014,2018-03-09,10,1713,"INR"
Prod105,Cus003,Mark014,2018-03-12,1,46,"INR"
Prod105,Cus003,Mark014,2018-03-14,1,46,"INR"
Prod105,Cus003,Mark014,2018-03-16,33,7051,"INR"
Prod105,Cus003,Mark014,2018-03-20,17,2856,"INR"
Prod105,Cus003,Mark014,2018-03-23,75,19810,"INR"
Prod105,Cus003,Mark014,2018-03-26,1,97,"INR"
Prod105,Cus003,Mark014,2018-03-28,13,3731,"INR"
Prod105,Cus003,Mark014,2018-03-29,89,24847,"INR"
Prod105,Cus003,Mark014,2018-03-30,3,551,"INR"
Prod105,Cus003,Mark014,2018-04-05,1,194,"INR"
Prod105,Cus003,Mark014,2018-04-06,8,1329,"INR"
Prod105,Cus003,Mark014,2018-04-10,17,2856,"INR"
Prod105,Cus003,Mark014,2018-04-11,1,97,"INR"
Prod105,Cus003,Mark014,2018-04-12,17,3051,"INR"
Prod105,Cus003,Mark014,2018-04-13,6,1088,"INR"
Prod105,Cus003,Mark014,2018-04-16,2,532,"INR"
Prod105,Cus003,Mark014,2018-04-17,5,1301,"INR"
Prod105,Cus003,Mark014,2018-04-19,1,144,"INR"
Prod105,Cus003,Mark014,2018-04-20,15,2519,"INR"
Prod105,Cus003,Mark014,2018-04-26,5,1231,"INR"
Prod105,Cus003,Mark014,2018-04-27,43,7296,"INR"
Prod105,Cus003,Mark014,2018-04-30,23,4593,"INR"
Prod105,Cus003,Mark014,2018-05-07,8,1417,"INR"
Prod105,Cus003,Mark014,2018-05-11,4,727,"INR"
Prod105,Cus003,Mark014,2018-05-15,1,46,"INR"
Prod105,Cus003,Mark014,2018-05-17,1,46,"INR"
Prod105,Cus003,Mark014,2018-05-18,40,11000,"INR"
Prod105,Cus003,Mark014,2018-05-21,2,481,"INR"
Prod105,Cus003,Mark014,2018-05-22,33,5708,"INR"
Prod105,Cus003,Mark014,2018-05-24,2,546,"INR"
Prod105,Cus003,Mark014,2018-05-25,42,9796,"INR"
Prod105,Cus003,Mark014,2018-05-29,13,2282,"INR"
Prod105,Cus003,Mark014,2018-05-30,14,3648,"INR"
Prod105,Cus003,Mark014,2018-05-31,5,1301,"INR"
Prod105,Cus003,Mark014,2018-06-01,7,1157,"INR"
Prod105,Cus003,Mark014,2018-06-08,88,21213,"INR"
Prod105,Cus003,Mark014,2018-06-13,4,1042,"INR"
Prod105,Cus003,Mark014,2018-06-14,1,486,"INR"
Prod105,Cus003,Mark014,2018-06-22,3,866,"INR"
Prod105,Cus003,Mark014,2018-06-28,2,519,"INR"
Prod105,Cus003,Mark014,2018-06-29,2,435,"INR"
Prod105,Cus003,Mark014,2018-07-04,1,46,"INR"
Prod105,Cus003,Mark014,2018-07-06,1,134,"INR"
Prod113,Cus003,Mark014,2019-04-16,53,12602,"INR"
Prod113,Cus003,Mark014,2019-04-29,3,963,"INR"
Prod113,Cus003,Mark014,2019-05-10,3,963,"INR"
Prod113,Cus003,Mark014,2019-05-13,11,4051,"INR"
Prod113,Cus003,Mark014,2019-05-24,2,722,"INR"
Prod113,Cus003,Mark014,2019-05-29,1,509,"INR"
Prod113,Cus003,Mark014,2019-06-05,3,1287,"INR"
Prod113,Cus003,Mark014,2019-06-07,1,120,"INR"
Prod113,Cus003,Mark014,2019-06-18,1,361,"INR"
Prod113,Cus003,Mark014,2019-06-28,1,120,"INR"
Prod113,Cus003,Mark014,2019-07-22,1,319,"INR"
Prod113,Cus003,Mark014,2019-07-25,1,116,"INR"
Prod113,Cus003,Mark014,2019-08-13,1,227,"INR"
Prod113,Cus003,Mark014,2019-08-23,1,227,"INR"
Prod113,Cus003,Mark014,2019-08-27,1,454,"INR"
Prod113,Cus003,Mark014,2019-09-04,1,116,"INR"
Prod113,Cus003,Mark014,2019-09-24,1,116,"INR"
Prod113,Cus003,Mark014,2019-09-30,1,116,"INR"
Prod113,Cus003,Mark014,2019-11-13,1,134,"INR"
Prod113,Cus003,Mark014,2019-11-18,1,116,"INR"
Prod113,Cus003,Mark014,2019-11-25,1,134,"INR"
Prod113,Cus003,Mark014,2019-12-10,1,134,"INR"
Prod113,Cus003,Mark014,2020-02-28,1,116,"INR"
Prod113,Cus003,Mark014,2020-03-06,1,458,"INR"
Prod120,Cus003,Mark014,2019-03-28,3,838,"INR"
Prod120,Cus003,Mark014,2019-03-29,17,3148,"INR"
Prod120,Cus003,Mark014,2019-04-03,1,375,"INR"
Prod120,Cus003,Mark014,2019-04-05,1,375,"INR"
Prod120,Cus003,Mark014,2019-04-11,5,1491,"INR"
Prod120,Cus003,Mark014,2019-04-15,12,3356,"INR"
Prod120,Cus003,Mark014,2019-04-17,1,375,"INR"
Prod120,Cus003,Mark014,2019-04-25,2,560,"INR"
Prod120,Cus003,Mark014,2019-04-26,10,1889,"INR"
Prod120,Cus003,Mark014,2019-05-10,3,935,"INR"
Prod121,Cus003,Mark014,2019-05-13,4,1236,"INR"
Prod121,Cus003,Mark014,2019-05-24,3,935,"INR"
Prod121,Cus003,Mark014,2019-05-28,3,931,"INR"
Prod121,Cus003,Mark014,2019-05-29,3,819,"INR"
Prod121,Cus003,Mark014,2019-06-05,5,1546,"INR"
Prod121,Cus003,Mark014,2019-06-07,1,375,"INR"
Prod121,Cus003,Mark014,2019-06-11,150,39398,"INR"
Prod121,Cus003,Mark014,2019-06-13,4,1120,"INR"
Prod121,Cus003,Mark014,2019-06-19,1,375,"INR"
Prod121,Cus003,Mark014,2019-06-25,17,3148,"INR"
Prod121,Cus003,Mark014,2019-06-28,9,2616,"INR"
Prod121,Cus003,Mark014,2019-07-09,3,935,"INR"
Prod121,Cus003,Mark014,2019-07-19,36,10139,"INR"
Prod121,Cus003,Mark014,2019-07-22,1,162,"INR"
Prod121,Cus003,Mark014,2019-07-25,1,88,"INR"
Prod121,Cus003,Mark014,2019-07-29,1,375,"INR"
Prod121,Cus003,Mark014,2019-08-13,1,296,"INR"
Prod121,Cus003,Mark014,2019-08-14,320,102181,"INR"
Prod121,Cus003,Mark014,2019-09-20,53,15329,"INR"
Prod121,Cus003,Mark014,2019-09-24,1,88,"INR"
Prod121,Cus003,Mark014,2019-09-27,3,630,"INR"
Prod121,Cus003,Mark014,2019-10-03,93,26824,"INR"
Prod121,Cus003,Mark014,2019-10-04,1,306,"INR"
Prod121,Cus003,Mark014,2019-10-17,1,407,"INR"
Prod121,Cus003,Mark014,2019-10-31,1,102,"INR"
Prod121,Cus003,Mark014,2019-11-05,1,74,"INR"
Prod121,Cus003,Mark014,2019-11-13,2,481,"INR"
Prod121,Cus003,Mark014,2019-11-14,1,102,"INR"
Prod121,Cus003,Mark014,2019-11-18,147,38583,"INR"
Prod121,Cus003,Mark014,2019-11-19,16,4097,"INR"
Prod121,Cus003,Mark014,2019-11-21,2,514,"INR"
Prod121,Cus003,Mark014,2019-11-25,1,106,"INR"
Prod121,Cus003,Mark014,2019-11-29,1,102,"INR"
Prod121,Cus003,Mark014,2019-12-03,1,106,"INR"
Prod121,Cus003,Mark014,2019-12-04,1,375,"INR"
Prod121,Cus003,Mark014,2019-12-10,1,106,"INR"
Prod121,Cus003,Mark014,2019-12-23,1,412,"INR"
Prod121,Cus003,Mark014,2020-01-08,27,7662,"INR"
Prod121,Cus003,Mark014,2020-01-10,53,15329,"INR"
Prod121,Cus003,Mark014,2020-01-17,1,106,"INR"
Prod121,Cus003,Mark014,2020-01-20,1,102,"INR"
Prod121,Cus003,Mark014,2020-01-23,1,102,"INR"
Prod121,Cus003,Mark014,2020-01-24,1,185,"INR"
Prod121,Cus003,Mark014,2020-01-31,13,4259,"INR"
Prod121,Cus003,Mark014,2020-02-06,3,1019,"INR"
Prod121,Cus003,Mark014,2020-02-07,27,8514,"INR"
Prod121,Cus003,Mark014,2020-02-14,13,4259,"INR"
Prod121,Cus003,Mark014,2020-02-20,1,306,"INR"
Prod121,Cus003,Mark014,2020-02-21,27,8514,"INR"
Prod121,Cus003,Mark014,2020-02-24,1,116,"INR"
Prod121,Cus003,Mark014,2020-02-28,1,185,"INR"
Prod121,Cus003,Mark014,2020-03-03,1,97,"INR"
Prod121,Cus003,Mark014,2020-03-05,1,204,"INR"
Prod121,Cus003,Mark014,2020-03-06,58,18185,"INR"
Prod121,Cus003,Mark014,2020-03-12,1,102,"INR"
Prod121,Cus003,Mark014,2020-03-19,1,102,"INR"
Prod121,Cus003,Mark014,2020-03-27,1,310,"INR"
Prod121,Cus003,Mark014,2020-04-17,53,12778,"INR"
Prod121,Cus003,Mark014,2020-04-21,53,12778,"INR"
Prod121,Cus003,Mark014,2020-05-04,1,106,"INR"
Prod121,Cus003,Mark014,2020-05-08,27,6389,"INR"
Prod121,Cus003,Mark014,2020-05-15,40,9583,"INR"
Prod121,Cus003,Mark014,2020-05-25,1,106,"INR"
Prod121,Cus003,Mark014,2020-05-27,4,736,"INR"
Prod121,Cus003,Mark014,2020-05-28,1,102,"INR"
Prod121,Cus003,Mark014,2020-05-29,3,630,"INR"
Prod121,Cus003,Mark014,2020-06-04,13,3833,"INR"
Prod121,Cus003,Mark014,2020-06-12,14,4046,"INR"
Prod122,Cus003,Mark014,2019-12-10,1,56,"INR"
Prod131,Cus003,Mark014,2019-03-28,2,958,"INR"
Prod131,Cus003,Mark014,2019-03-29,10,3542,"INR"
Prod131,Cus003,Mark014,2019-04-03,1,745,"INR"
Prod131,Cus003,Mark014,2019-04-05,1,532,"INR"
Prod131,Cus003,Mark014,2019-04-11,12,4602,"INR"
Prod131,Cus003,Mark014,2019-04-15,3,1699,"INR"
Prod131,Cus003,Mark014,2019-04-25,3,1593,"INR"
Prod131,Cus003,Mark014,2019-04-26,10,3542,"INR"
Prod131,Cus003,Mark014,2019-05-10,3,1806,"INR"
Prod131,Cus003,Mark014,2019-05-13,4,2315,"INR"
Prod131,Cus003,Mark014,2019-05-24,2,1060,"INR"
Prod131,Cus003,Mark014,2019-05-29,2,884,"INR"
Prod131,Cus003,Mark014,2019-06-05,6,3472,"INR"
Prod131,Cus003,Mark014,2019-06-07,1,213,"INR"
Prod131,Cus003,Mark014,2019-06-11,167,55778,"INR"
Prod131,Cus003,Mark014,2019-06-13,3,1593,"INR"
Prod131,Cus003,Mark014,2019-06-18,1,426,"INR"
Prod131,Cus003,Mark014,2019-06-19,2,1060,"INR"
Prod131,Cus003,Mark014,2019-06-28,2,847,"INR"
Prod131,Cus003,Mark014,2019-07-09,2,954,"INR"
Prod131,Cus003,Mark014,2019-07-10,324,193995,"INR"
Prod131,Cus003,Mark014,2019-07-12,1,213,"INR"
Prod131,Cus003,Mark014,2019-07-25,1,97,"INR"
Prod131,Cus003,Mark014,2019-07-29,1,213,"INR"
Prod131,Cus003,Mark014,2019-07-31,1,426,"INR"
Prod131,Cus003,Mark014,2019-08-13,1,102,"INR"
Prod131,Cus003,Mark014,2019-08-23,56,30259,"INR"
Prod131,Cus003,Mark014,2019-08-27,1,532,"INR"
Prod131,Cus003,Mark014,2019-08-29,4,1417,"INR"
Prod131,Cus003,Mark014,2019-09-03,162,87259,"INR"
Prod131,Cus003,Mark014,2019-09-04,1,213,"INR"
Prod131,Cus003,Mark014,2019-09-17,1,532,"INR"
Prod131,Cus003,Mark014,2019-09-27,6,2125,"INR"
Prod131,Cus003,Mark014,2019-09-30,1,213,"INR"
Prod131,Cus003,Mark014,2019-10-03,162,87259,"INR"
Prod131,Cus003,Mark014,2019-10-22,1,213,"INR"
Prod131,Cus003,Mark014,2019-10-31,54,32333,"INR"
Prod131,Cus003,Mark014,2019-11-05,1,83,"INR"
Prod131,Cus003,Mark014,2019-11-14,1,319,"INR"
Prod131,Cus003,Mark014,2019-11-15,57,34069,"INR"
Prod131,Cus003,Mark014,2019-11-18,195,65329,"INR"
Prod131,Cus003,Mark014,2019-11-19,21,6963,"INR"
Prod131,Cus003,Mark014,2019-11-21,1,463,"INR"
Prod131,Cus003,Mark014,2019-11-22,162,96995,"INR"
Prod131,Cus003,Mark014,2019-11-26,1,120,"INR"
Prod131,Cus003,Mark014,2019-12-04,1,532,"INR"
Prod131,Cus003,Mark014,2019-12-06,164,88213,"INR"
Prod131,Cus003,Mark014,2019-12-09,1,463,"INR"
Prod131,Cus003,Mark014,2019-12-18,54,29088,"INR"
Prod131,Cus003,Mark014,2020-01-10,2,958,"INR"
Prod131,Cus003,Mark014,2020-01-24,54,29301,"INR"
Prod131,Cus003,Mark014,2020-01-28,1,106,"INR"
Prod131,Cus003,Mark014,2020-02-06,1,463,"INR"
Prod131,Cus003,Mark014,2020-02-07,54,29088,"INR"
Prod131,Cus003,Mark014,2020-02-14,54,29088,"INR"
Prod131,Cus003,Mark014,2020-02-24,1,130,"INR"
Prod131,Cus003,Mark014,2020-02-28,54,29301,"INR"
Prod131,Cus003,Mark014,2020-03-03,1,106,"INR"
Prod131,Cus003,Mark014,2020-03-06,54,29088,"INR"
Prod131,Cus003,Mark014,2020-03-13,54,29088,"INR"
Prod131,Cus003,Mark014,2020-03-27,1,231,"INR"
Prod131,Cus003,Mark014,2020-04-17,54,24250,"INR"
Prod131,Cus003,Mark014,2020-04-21,54,24250,"INR"
Prod131,Cus003,Mark014,2020-05-04,1,241,"INR"
Prod131,Cus003,Mark014,2020-05-08,54,24250,"INR"
Prod131,Cus003,Mark014,2020-05-15,54,24250,"INR"
Prod131,Cus003,Mark014,2020-05-25,1,231,"INR"
Prod131,Cus003,Mark014,2020-06-12,56,33514,"INR"
Prod136,Cus003,Mark014,2017-11-13,1,60,"INR"
Prod136,Cus003,Mark014,2017-12-13,1,60,"INR"
Prod136,Cus003,Mark014,2017-12-27,13,2449,"INR"
Prod136,Cus003,Mark014,2018-01-08,1,60,"INR"
Prod136,Cus003,Mark014,2018-02-22,1,60,"INR"
Prod136,Cus003,Mark014,2018-03-01,13,2884,"INR"
Prod136,Cus003,Mark014,2018-03-30,26,4611,"INR"
Prod136,Cus003,Mark014,2018-05-29,23,3981,"INR"
Prod136,Cus003,Mark014,2018-07-25,38,6486,"INR"
Prod136,Cus003,Mark014,2018-08-14,1,60,"INR"
Prod136,Cus003,Mark014,2018-08-31,27,4505,"INR"
Prod136,Cus003,Mark014,2018-09-17,1,60,"INR"
Prod147,Cus003,Mark014,2020-04-27,1,1023,"INR"
Prod147,Cus003,Mark014,2020-04-28,6,4088,"INR"
Prod147,Cus003,Mark014,2020-04-29,2,1704,"INR"
Prod147,Cus003,Mark014,2020-05-20,1,125,"INR"
Prod147,Cus003,Mark014,2020-05-22,1,250,"INR"
Prod147,Cus003,Mark014,2020-05-25,1,1046,"INR"
Prod147,Cus003,Mark014,2020-05-26,3,2181,"INR"
Prod147,Cus003,Mark014,2020-05-27,1,125,"INR"
Prod147,Cus003,Mark014,2020-05-28,1,301,"INR"
Prod147,Cus003,Mark014,2020-06-01,2,1208,"INR"
Prod147,Cus003,Mark014,2020-06-02,3,1949,"INR"
Prod179,Cus003,Mark014,2017-10-23,37,31940,"INR"
Prod179,Cus003,Mark014,2017-10-24,133,108097,"INR"
Prod179,Cus003,Mark014,2017-10-25,13,9713,"INR"
Prod179,Cus003,Mark014,2017-10-27,26,21588,"INR"
Prod179,Cus003,Mark014,2017-10-30,1,468,"INR"
Prod179,Cus003,Mark014,2017-11-02,3,2755,"INR"
Prod179,Cus003,Mark014,2017-11-03,1,139,"INR"
Prod179,Cus003,Mark014,2017-11-07,23,33463,"INR"
Prod179,Cus003,Mark014,2017-11-14,1,236,"INR"
Prod179,Cus003,Mark014,2017-11-17,1,282,"INR"
Prod179,Cus003,Mark014,2017-11-28,2,1125,"INR"
Prod179,Cus003,Mark014,2017-12-01,2,1407,"INR"
Prod179,Cus003,Mark014,2017-12-22,6,8352,"INR"
Prod179,Cus003,Mark014,2018-02-07,1,236,"INR"
Prod179,Cus003,Mark014,2018-02-13,1,278,"INR"
Prod179,Cus003,Mark014,2018-02-22,1,236,"INR"
Prod179,Cus003,Mark014,2018-02-27,17,12782,"INR"
Prod223,Cus003,Mark014,2019-08-27,24,3653,"INR"
Prod223,Cus003,Mark014,2019-09-02,32,4931,"INR"
Prod223,Cus003,Mark014,2019-09-03,17,2556,"INR"
Prod223,Cus003,Mark014,2019-09-09,25,3833,"INR"
Prod223,Cus003,Mark014,2019-09-24,2,366,"INR"
Prod223,Cus003,Mark014,2019-10-28,38,5255,"INR"
Prod223,Cus003,Mark014,2019-10-29,17,2296,"INR"
Prod223,Cus003,Mark014,2019-11-13,11,1472,"INR"
Prod223,Cus003,Mark014,2019-12-06,91,7806,"INR"
Prod223,Cus003,Mark014,2019-12-13,13,1130,"INR"
Prod223,Cus003,Mark014,2019-12-20,11,1472,"INR"
Prod223,Cus003,Mark014,2019-12-23,1,102,"INR"
Prod223,Cus003,Mark014,2020-01-03,20,1745,"INR"
Prod223,Cus003,Mark014,2020-01-09,1,102,"INR"
Prod223,Cus003,Mark014,2020-01-10,4,310,"INR"
Prod223,Cus003,Mark014,2020-01-14,7,616,"INR"
Prod223,Cus003,Mark014,2020-01-17,6,514,"INR"
Prod223,Cus003,Mark014,2020-01-23,1,171,"INR"
Prod223,Cus003,Mark014,2020-01-24,36,4556,"INR"
Prod223,Cus003,Mark014,2020-01-27,1,102,"INR"
Prod223,Cus003,Mark014,2020-01-30,72,9852,"INR"
Prod223,Cus003,Mark014,2020-01-31,6,509,"INR"
Prod223,Cus003,Mark014,2020-02-03,4,306,"INR"
Prod223,Cus003,Mark014,2020-02-07,1,102,"INR"
Prod223,Cus003,Mark014,2020-02-10,2,204,"INR"
Prod223,Cus003,Mark014,2020-02-14,6,509,"INR"
Prod223,Cus003,Mark014,2020-02-21,4,306,"INR"
Prod223,Cus003,Mark014,2020-02-24,2,204,"INR"
Prod223,Cus003,Mark014,2020-02-28,7,611,"INR"
Prod223,Cus003,Mark014,2020-03-06,1,102,"INR"
Prod223,Cus003,Mark014,2020-03-09,4,306,"INR"
Prod223,Cus003,Mark014,2020-03-13,1,102,"INR"
Prod223,Cus003,Mark014,2020-03-16,4,306,"INR"
Prod223,Cus003,Mark014,2020-03-24,14,1968,"INR"
Prod223,Cus003,Mark014,2020-03-25,6,509,"INR"
Prod223,Cus003,Mark014,2020-03-30,10,815,"INR"
Prod223,Cus003,Mark014,2020-04-03,2,204,"INR"
Prod223,Cus003,Mark014,2020-04-10,2,204,"INR"
Prod223,Cus003,Mark014,2020-04-16,58,7861,"INR"
Prod223,Cus003,Mark014,2020-04-20,2,204,"INR"
Prod223,Cus003,Mark014,2020-04-22,77,10222,"INR"
Prod223,Cus003,Mark014,2020-04-24,5,407,"INR"
Prod223,Cus003,Mark014,2020-04-30,5,407,"INR"
Prod223,Cus003,Mark014,2020-05-04,1,102,"INR"
Prod223,Cus003,Mark014,2020-05-12,2,204,"INR"
Prod223,Cus003,Mark014,2020-05-15,7,611,"INR"
Prod223,Cus003,Mark014,2020-05-22,2,204,"INR"
Prod223,Cus003,Mark014,2020-05-29,8,713,"INR"
Prod223,Cus003,Mark014,2020-06-05,7,611,"INR"
Prod223,Cus003,Mark014,2020-06-12,5,407,"INR"
Prod224,Cus003,Mark014,2019-07-25,808,66944,"INR"
Prod224,Cus003,Mark014,2019-07-29,30,3847,"INR"
Prod224,Cus003,Mark014,2019-08-01,12,1537,"INR"
Prod224,Cus003,Mark014,2019-08-06,8,1028,"INR"
Prod224,Cus003,Mark014,2019-08-13,10,1301,"INR"
Prod224,Cus003,Mark014,2019-08-19,17,2556,"INR"
Prod224,Cus003,Mark014,2019-08-20,32,4931,"INR"
Prod224,Cus003,Mark014,2019-08-23,10,1282,"INR"
Prod224,Cus003,Mark014,2019-08-29,34,4796,"INR"
Prod224,Cus003,Mark014,2019-08-30,6,769,"INR"
Prod224,Cus003,Mark014,2019-09-09,30,2486,"INR"
Prod224,Cus003,Mark014,2019-09-19,200,16569,"INR"
Prod224,Cus003,Mark014,2019-09-27,120,9944,"INR"
Prod224,Cus003,Mark014,2019-10-01,20,2602,"INR"
Prod224,Cus003,Mark014,2019-11-14,3,384,"INR"
Prod224,Cus003,Mark014,2019-12-03,6,769,"INR"
Prod224,Cus003,Mark014,2020-03-23,2400,156065,"INR"
Prod227,Cus003,Mark014,2019-09-11,1,139,"INR"
Prod227,Cus003,Mark014,2019-09-12,1,139,"INR"
Prod227,Cus003,Mark014,2019-09-13,6,1528,"INR"
Prod227,Cus003,Mark014,2019-09-16,5,1329,"INR"
Prod227,Cus003,Mark014,2019-09-17,2,593,"INR"
Prod227,Cus003,Mark014,2019-09-19,1,255,"INR"
Prod227,Cus003,Mark014,2019-09-20,3,639,"INR"
Prod227,Cus003,Mark014,2019-09-23,4,1023,"INR"
Prod227,Cus003,Mark014,2019-09-24,1,134,"INR"
Prod227,Cus003,Mark014,2019-09-26,1,532,"INR"
Prod227,Cus003,Mark014,2019-09-27,5,1106,"INR"
Prod227,Cus003,Mark014,2019-09-30,1,255,"INR"
Prod227,Cus003,Mark014,2019-10-01,2,708,"INR"
Prod227,Cus003,Mark014,2019-10-03,1,134,"INR"
Prod227,Cus003,Mark014,2019-10-04,2,528,"INR"
Prod227,Cus003,Mark014,2019-10-07,9,2463,"INR"
Prod227,Cus003,Mark014,2019-10-11,39,14102,"INR"
Prod227,Cus003,Mark014,2019-10-14,1,144,"INR"
Prod227,Cus003,Mark014,2019-10-15,5,1130,"INR"
Prod227,Cus003,Mark014,2019-10-16,11,2713,"INR"
Prod227,Cus003,Mark014,2019-10-17,23,7546,"INR"
Prod227,Cus003,Mark014,2019-10-18,9,1972,"INR"
Prod227,Cus003,Mark014,2019-10-21,1,130,"INR"
Prod227,Cus003,Mark014,2019-10-22,1,130,"INR"
Prod227,Cus003,Mark014,2019-10-25,2,519,"INR"
Prod227,Cus003,Mark014,2019-10-28,44,9940,"INR"
Prod227,Cus003,Mark014,2019-10-29,1,509,"INR"
Prod227,Cus003,Mark014,2019-10-31,3,639,"INR"
Prod227,Cus003,Mark014,2019-11-04,1,306,"INR"
Prod227,Cus003,Mark014,2019-11-05,39,16269,"INR"
Prod227,Cus003,Mark014,2019-11-08,4,894,"INR"
Prod227,Cus003,Mark014,2019-11-12,1,264,"INR"
Prod227,Cus003,Mark014,2019-11-14,1,338,"INR"
Prod227,Cus003,Mark014,2019-11-15,3,912,"INR"
Prod227,Cus003,Mark014,2019-11-18,2,903,"INR"
Prod227,Cus003,Mark014,2019-11-19,4,1532,"INR"
Prod227,Cus003,Mark014,2019-11-20,2,829,"INR"
Prod227,Cus003,Mark014,2019-11-21,2,778,"INR"
Prod227,Cus003,Mark014,2019-11-22,50,12120,"INR"
Prod227,Cus003,Mark014,2019-11-25,2,796,"INR"
Prod227,Cus003,Mark014,2019-11-26,3,1148,"INR"
Prod227,Cus003,Mark014,2019-11-28,3,1074,"INR"
Prod227,Cus003,Mark014,2019-11-29,4,1148,"INR"
Prod227,Cus003,Mark014,2019-12-02,1,227,"INR"
Prod227,Cus003,Mark014,2019-12-03,1,398,"INR"
Prod227,Cus003,Mark014,2019-12-06,36,13352,"INR"
Prod227,Cus003,Mark014,2019-12-09,1,130,"INR"
Prod227,Cus003,Mark014,2019-12-10,1,130,"INR"
Prod227,Cus003,Mark014,2019-12-13,1,236,"INR"
Prod227,Cus003,Mark014,2019-12-16,1,394,"INR"
Prod227,Cus003,Mark014,2019-12-19,1,106,"INR"
Prod227,Cus003,Mark014,2019-12-20,1,319,"INR"
Prod227,Cus003,Mark014,2019-12-23,8,2968,"INR"
Prod227,Cus003,Mark014,2019-12-24,1,130,"INR"
Prod227,Cus003,Mark014,2019-12-30,2,370,"INR"
Prod227,Cus003,Mark014,2019-12-31,1,269,"INR"
Prod227,Cus003,Mark014,2020-01-03,7,1972,"INR"
Prod227,Cus003,Mark014,2020-01-07,1,509,"INR"
Prod227,Cus003,Mark014,2020-01-08,1,134,"INR"
Prod227,Cus003,Mark014,2020-01-09,2,380,"INR"
Prod227,Cus003,Mark014,2020-01-10,3,861,"INR"
Prod227,Cus003,Mark014,2020-01-13,16,4310,"INR"
Prod227,Cus003,Mark014,2020-01-14,5,1875,"INR"
Prod227,Cus003,Mark014,2020-01-16,1,106,"INR"
Prod227,Cus003,Mark014,2020-01-17,42,9639,"INR"
Prod227,Cus003,Mark014,2020-01-21,1,130,"INR"
Prod227,Cus003,Mark014,2020-01-23,1,139,"INR"
Prod227,Cus003,Mark014,2020-01-24,2,514,"INR"
Prod227,Cus003,Mark014,2020-01-27,1,356,"INR"
Prod227,Cus003,Mark014,2020-01-28,1,269,"INR"
Prod227,Cus003,Mark014,2020-01-29,1,111,"INR"
Prod227,Cus003,Mark014,2020-01-31,19,4463,"INR"
Prod227,Cus003,Mark014,2020-02-03,42,16560,"INR"
Prod227,Cus003,Mark014,2020-02-05,1,111,"INR"
Prod227,Cus003,Mark014,2020-02-06,2,542,"INR"
Prod227,Cus003,Mark014,2020-02-10,1,153,"INR"
Prod227,Cus003,Mark014,2020-02-12,55,12398,"INR"
Prod227,Cus003,Mark014,2020-02-18,1,287,"INR"
Prod227,Cus003,Mark014,2020-02-19,1,120,"INR"
Prod227,Cus003,Mark014,2020-02-21,1,74,"INR"
Prod227,Cus003,Mark014,2020-02-26,1,278,"INR"
Prod227,Cus003,Mark014,2020-02-27,1,213,"INR"
Prod227,Cus003,Mark014,2020-02-28,1,74,"INR"
Prod227,Cus003,Mark014,2020-03-02,5,1819,"INR"
Prod227,Cus003,Mark014,2020-03-03,3,912,"INR"
Prod227,Cus003,Mark014,2020-03-04,1,134,"INR"
Prod227,Cus003,Mark014,2020-03-05,1,269,"INR"
Prod227,Cus003,Mark014,2020-03-09,1,157,"INR"
Prod227,Cus003,Mark014,2020-03-10,1,116,"INR"
Prod227,Cus003,Mark014,2020-03-11,1,134,"INR"
Prod227,Cus003,Mark014,2020-03-12,1,134,"INR"
Prod227,Cus003,Mark014,2020-03-13,10,4190,"INR"
Prod227,Cus003,Mark014,2020-03-19,2,593,"INR"
Prod227,Cus003,Mark014,2020-03-23,4,1657,"INR"
Prod227,Cus003,Mark014,2020-03-24,12,4597,"INR"
Prod227,Cus003,Mark014,2020-03-25,1,319,"INR"
Prod227,Cus003,Mark014,2020-03-27,1,356,"INR"
Prod227,Cus003,Mark014,2020-03-30,5,1690,"INR"
Prod227,Cus003,Mark014,2020-03-31,4,1537,"INR"
Prod227,Cus003,Mark014,2020-04-02,1,134,"INR"
Prod227,Cus003,Mark014,2020-04-03,1,157,"INR"
Prod227,Cus003,Mark014,2020-04-06,20,8380,"INR"
Prod227,Cus003,Mark014,2020-04-08,1,134,"INR"
Prod227,Cus003,Mark014,2020-04-16,3,870,"INR"
Prod227,Cus003,Mark014,2020-04-20,1,384,"INR"
Prod227,Cus003,Mark014,2020-04-22,1,264,"INR"
Prod227,Cus003,Mark014,2020-04-23,1,139,"INR"
Prod227,Cus003,Mark014,2020-04-24,1,157,"INR"
Prod227,Cus003,Mark014,2020-04-27,1,259,"INR"
Prod227,Cus003,Mark014,2020-04-28,1,259,"INR"
Prod227,Cus003,Mark014,2020-04-29,6,2259,"INR"
Prod227,Cus003,Mark014,2020-04-30,1,79,"INR"
Prod227,Cus003,Mark014,2020-05-04,1,79,"INR"
Prod227,Cus003,Mark014,2020-05-07,2,542,"INR"
Prod227,Cus003,Mark014,2020-05-08,10,3259,"INR"
Prod227,Cus003,Mark014,2020-05-12,1,79,"INR"
Prod227,Cus003,Mark014,2020-05-13,1,440,"INR"
Prod227,Cus003,Mark014,2020-05-15,6,1796,"INR"
Prod227,Cus003,Mark014,2020-05-20,5,1306,"INR"
Prod227,Cus003,Mark014,2020-05-22,4,1056,"INR"
Prod227,Cus003,Mark014,2020-05-25,4,1079,"INR"
Prod227,Cus003,Mark014,2020-05-26,1,255,"INR"
Prod227,Cus003,Mark014,2020-05-27,1,389,"INR"
Prod227,Cus003,Mark014,2020-05-28,1,106,"INR"
Prod227,Cus003,Mark014,2020-05-29,1,227,"INR"
Prod227,Cus003,Mark014,2020-06-01,1,83,"INR"
Prod227,Cus003,Mark014,2020-06-02,1,0,"INR"
Prod227,Cus003,Mark014,2020-06-03,32,7810,"INR"
Prod227,Cus003,Mark014,2020-06-04,1,426,"INR"
Prod227,Cus003,Mark014,2020-06-05,32,7278,"INR"
Prod227,Cus003,Mark014,2020-06-08,1,245,"INR"
Prod227,Cus003,Mark014,2020-06-09,1,130,"INR"
Prod227,Cus003,Mark014,2020-06-10,1,264,"INR"
Prod227,Cus003,Mark014,2020-06-12,2,500,"INR"
Prod229,Cus003,Mark014,2019-03-14,200,83801,"INR"
Prod229,Cus003,Mark014,2019-03-29,12,2870,"INR"
Prod229,Cus003,Mark014,2019-04-01,1,282,"INR"
Prod229,Cus003,Mark014,2019-04-05,35,14667,"INR"
Prod229,Cus003,Mark014,2019-04-10,2,986,"INR"
Prod229,Cus003,Mark014,2019-04-11,1,421,"INR"
Prod229,Cus003,Mark014,2019-04-12,6,1560,"INR"
Prod229,Cus003,Mark014,2019-04-16,2,843,"INR"
Prod229,Cus003,Mark014,2019-04-19,11,2560,"INR"
Prod229,Cus003,Mark014,2019-04-24,2,704,"INR"
Prod229,Cus003,Mark014,2019-04-25,1,139,"INR"
Prod229,Cus003,Mark014,2019-04-26,10,2241,"INR"
Prod229,Cus003,Mark014,2019-05-06,1,139,"INR"
Prod231,Cus003,Mark014,2019-12-03,1,93,"INR"
Prod232,Cus003,Mark014,2017-10-10,6,579,"INR"
Prod232,Cus003,Mark014,2017-10-16,1,97,"INR"
Prod232,Cus003,Mark014,2017-10-17,1,93,"INR"
Prod232,Cus003,Mark014,2017-10-18,6,579,"INR"
Prod232,Cus003,Mark014,2017-10-23,6,579,"INR"
Prod232,Cus003,Mark014,2017-10-30,1,97,"INR"
Prod232,Cus003,Mark014,2017-10-31,1,97,"INR"
Prod232,Cus003,Mark014,2017-11-02,1,185,"INR"
Prod232,Cus003,Mark014,2017-11-03,1,93,"INR"
Prod232,Cus003,Mark014,2017-11-06,3,398,"INR"
Prod232,Cus003,Mark014,2017-11-09,1,93,"INR"
Prod232,Cus003,Mark014,2017-11-13,7,671,"INR"
Prod232,Cus003,Mark014,2017-11-14,1,171,"INR"
Prod232,Cus003,Mark014,2017-11-22,7,671,"INR"
Prod232,Cus003,Mark014,2017-11-24,6,579,"INR"
Prod232,Cus003,Mark014,2017-11-27,1,157,"INR"
Prod232,Cus003,Mark014,2017-11-28,41,5519,"INR"
Prod232,Cus003,Mark014,2017-11-29,1,93,"INR"
Prod232,Cus003,Mark014,2017-11-30,10,1139,"INR"
Prod232,Cus003,Mark014,2017-12-01,1,93,"INR"
Prod232,Cus003,Mark014,2017-12-02,1,93,"INR"
Prod232,Cus003,Mark014,2017-12-04,2,287,"INR"
Prod232,Cus003,Mark014,2017-12-05,1,97,"INR"
Prod232,Cus003,Mark014,2017-12-06,6,579,"INR"
Prod232,Cus003,Mark014,2017-12-07,1,181,"INR"
Prod232,Cus003,Mark014,2017-12-08,2,278,"INR"
Prod232,Cus003,Mark014,2017-12-11,4,565,"INR"
Prod232,Cus003,Mark014,2017-12-12,1,97,"INR"
Prod232,Cus003,Mark014,2017-12-13,1,93,"INR"
Prod232,Cus003,Mark014,2017-12-14,1,185,"INR"
Prod232,Cus003,Mark014,2017-12-15,1,93,"INR"
Prod232,Cus003,Mark014,2017-12-18,2,241,"INR"
Prod232,Cus003,Mark014,2017-12-19,2,241,"INR"
Prod232,Cus003,Mark014,2017-12-20,3,361,"INR"
Prod232,Cus003,Mark014,2017-12-21,1,93,"INR"
Prod232,Cus003,Mark014,2018-01-02,1,157,"INR"
Prod232,Cus003,Mark014,2018-01-03,6,579,"INR"
